 &plot nbnd=   6, nks= 105 /
            0.000000  0.000000  0.000000
    0.0000    0.0000    0.0000  873.2121 1540.3560 1540.3560
            0.012500  0.007217  0.000000
    1.4794   27.3475   42.7875  873.0986 1540.7192 1542.1934
            0.025000  0.014434  0.000000
    3.2375   54.5388   85.3967  872.7572 1541.6882 1547.4312
            0.037500  0.021651  0.000000
    5.4817   81.4407  127.6839  872.1850 1542.9315 1555.3065
            0.050000  0.028868  0.000000
    8.3363  107.9614  169.5652  871.3776 1543.9876 1564.7327
            0.062500  0.036084  0.000000
   11.8685  134.0586  211.0258  870.3295 1544.3749 1574.5187
            0.075000  0.043301  0.000000
   16.1157  159.7342  252.1088  869.0344 1543.6974 1583.5860
            0.087500  0.050518  0.000000
   21.1020  185.0151  292.8897  867.4857 1541.7236 1591.1346
            0.100000  0.057735  0.000000
   26.8466  209.9255  333.4422  865.6764 1538.4185 1596.7303
            0.112500  0.064952  0.000000
   33.3664  234.4631  373.8068  863.5989 1533.9280 1600.3058
            0.125000  0.072169  0.000000
   40.6764  258.5860  413.9730  861.2447 1528.5229 1602.0901
            0.137500  0.079386  0.000000
   48.7887  282.2165  453.8777  858.6040 1522.5216 1602.4904
            0.150000  0.086603  0.000000
   57.7105  305.2587  493.4205  855.6653 1516.2139 1601.9605
            0.162500  0.093819  0.000000
   67.4429  327.6201  532.4883  852.4147 1509.8060 1600.8843
            0.175000  0.101036  0.000000
   77.9796  349.2302  570.9817  848.8365 1503.3993 1599.5027
            0.187500  0.108253  0.000000
   89.3068  370.0493  608.8334  844.9125 1497.0040 1597.8904
            0.200000  0.115470  0.000000
  101.4040  390.0659  646.0163  840.6231 1490.5773 1595.9814
            0.212500  0.122687  0.000000
  114.2450  409.2863  682.5378  835.9472 1484.0697 1593.6252
            0.225000  0.129904  0.000000
  127.7994  427.7204  718.4254  830.8628 1477.4624 1590.6522
            0.237500  0.137121  0.000000
  142.0337  445.3697  753.7079  825.3475 1470.7851 1586.9267
            0.250000  0.144338  0.000000
  156.9127  462.2213  788.4000  819.3787 1464.1108 1582.3772
            0.262500  0.151554  0.000000
  172.3993  478.2504  812.9339  822.4941 1457.5339 1576.9977
            0.275000  0.158771  0.000000
  188.4549  493.4287  805.9912  855.9618 1451.1420 1570.8289
            0.287500  0.165988  0.000000
  205.0386  507.7339  798.5300  888.7633 1444.9945 1563.9284
            0.300000  0.173205  0.000000
  222.1060  521.1575  790.5314  920.8600 1439.1144 1556.3433
            0.312500  0.180422  0.000000
  239.6078  533.7059  781.9797  952.2259 1433.4964 1548.0928
            0.325000  0.187639  0.000000
  257.4890  545.3957  772.8637  982.8523 1428.1251 1539.1660
            0.337500  0.194856  0.000000
  275.6870  556.2456  763.1791 1012.7468 1422.9951 1529.5312
            0.350000  0.202073  0.000000
  294.1302  566.2690  752.9307 1041.9257 1418.1237 1519.1512
            0.362500  0.209289  0.000000
  312.7361  575.4698  742.1355 1070.4036 1413.5512 1507.9981
            0.375000  0.216506  0.000000
  331.4083  583.8441  730.8269 1098.1856 1409.3292 1496.0610
            0.387500  0.223723  0.000000
  350.0322  591.3856  719.0601 1125.2632 1405.5043 1483.3465
            0.400000  0.230940  0.000000
  368.4684  598.0917  706.9191 1151.6159 1402.1022 1469.8721
            0.412500  0.238157  0.000000
  386.5413  603.9681  694.5289 1177.2179 1399.1229 1455.6564
            0.425000  0.245374  0.000000
  404.0223  609.0290  682.0721 1202.0458 1396.5455 1440.7117
            0.437500  0.252591  0.000000
  420.6038  613.2928  669.8157 1226.0838 1394.3431 1425.0414
            0.450000  0.259808  0.000000
  435.8597  616.7763  658.1500 1249.3245 1392.4986 1408.6436
            0.462500  0.267024  0.000000
  449.1975  619.4894  647.6374 1271.7607 1391.0149 1391.5217
            0.475000  0.274241  0.000000
  459.8220  621.4335  639.0489 1293.3591 1373.7117 1389.9161
            0.487500  0.281458  0.000000
  466.7843  622.6040  633.3155 1313.9147 1355.4249 1389.2365
            0.500000  0.288675  0.000000
  469.2254  622.9950  631.2852 1329.0310 1341.0640 1389.0061
            0.506944  0.276647  0.000000
  469.2073  624.4965  631.1378 1328.5788 1340.6553 1389.0815
            0.513889  0.264619  0.000000
  469.1560  628.9511  630.6953 1327.2222 1339.5031 1389.1864
            0.520833  0.252591  0.000000
  469.0805  629.9571  636.2192 1324.9622 1337.7722 1389.0323
            0.527778  0.240563  0.000000
  468.9958  628.9219  646.0975 1321.8045 1335.6100 1388.3230
            0.534722  0.228534  0.000000
  468.9228  627.5874  658.3517 1317.7639 1333.0816 1386.8854
            0.541667  0.216506  0.000000
  468.8882  625.9505  672.7455 1312.8691 1330.1749 1384.7237
            0.548611  0.204478  0.000000
  468.9246  624.0068  689.0568 1307.1661 1326.8428 1382.0050
            0.555556  0.192450  0.000000
  469.0703  621.7502  707.0787 1300.7192 1323.0412 1379.0031
            0.562500  0.180422  0.000000
  469.3692  619.1735  726.6076 1293.6099 1318.7438 1376.0192
            0.569444  0.168394  0.000000
  469.8709  616.2675  747.4257 1285.9324 1313.9410 1373.2849
            0.576389  0.156366  0.000000
  470.6305  613.0215  769.2853 1277.7898 1308.6472 1370.8539
            0.583333  0.144338  0.000000
  471.7081  609.4229  791.9019 1269.2888 1302.9183 1368.5125
            0.590278  0.132309  0.000000
  473.1682  605.4574  814.9590 1260.5383 1296.8529 1365.7641
            0.597222  0.120281  0.000000
  475.0787  601.1086  838.1213 1251.6517 1290.5622 1361.9135
            0.604167  0.108253  0.000000
  477.5094  596.3579  861.0513 1242.7554 1284.1254 1356.2313
            0.611111  0.096225  0.000000
  480.5299  591.1846  883.4201 1234.0044 1277.5579 1348.1469
            0.618056  0.084197  0.000000
  484.2067  585.5664  904.9048 1225.6056 1270.8093 1337.4248
            0.625000  0.072169  0.000000
  488.6005  579.4792  925.1655 1217.8482 1263.7888 1324.2858
            0.631944  0.060141  0.000000
  493.7627  572.8989  943.8047 1211.1379 1256.4093 1309.4493
            0.638889  0.048113  0.000000
  499.7319  565.8016  960.3208 1206.0218 1248.6350 1294.0786
            0.645833  0.036084  0.000000
  506.5314  558.1656  974.0881 1203.1793 1240.5097 1279.6351
            0.652778  0.024056  0.000000
  514.1666  549.9728  984.4184 1203.3299 1232.1173 1267.6928
            0.659722  0.012028  0.000000
  522.6242  541.2104  990.7386 1207.0327 1223.4597 1259.7616
            0.666667  0.000000  0.000000
  531.8718  531.8718  992.8195 1214.4481 1214.4481 1256.9871
            0.650000  0.000000  0.000000
  519.9064  543.9395  990.0590 1203.2073 1227.7431 1260.8876
            0.633333  0.000000  0.000000
  507.1286  556.9548  982.5131 1191.7347 1244.6509 1271.5977
            0.616667  0.000000  0.000000
  493.5693  570.7758  971.3273 1180.1647 1263.8011 1286.8176
            0.600000  0.000000  0.000000
  479.2724  585.2437  957.4606 1168.4221 1284.0987 1303.7472
            0.583333  0.000000  0.000000
  464.2910  600.1919  941.5979 1156.2808 1304.8496 1319.7876
            0.566667  0.000000  0.000000
  448.6840  615.4538  924.1936 1143.4435 1325.7066 1333.1030
            0.550000  0.000000  0.000000
  432.5126  630.8693  905.5428 1129.6115 1342.9219 1346.5418
            0.533333  0.000000  0.000000
  415.8375  646.2896  885.8414 1114.5431 1349.5326 1367.3050
            0.516667  0.000000  0.000000
  398.7180  661.5800  865.2278 1098.1031 1354.0048 1387.9065
            0.500000  0.000000  0.000000
  381.2123  676.6219  843.8077 1080.2955 1357.7349 1408.1542
            0.483333  0.000000  0.000000
  363.3781  691.3130  821.6662 1061.2566 1361.9661 1427.7578
            0.466667  0.000000  0.000000
  345.2747  705.5669  798.8723 1041.1859 1367.4477 1446.3916
            0.450000  0.000000  0.000000
  326.9639  719.3122  775.4798 1020.2358 1374.3300 1463.7882
            0.433333  0.000000  0.000000
  308.5108  732.4917  751.5291  998.4179 1382.2818 1479.8215
            0.416667  0.000000  0.000000
  289.9835  727.0503  745.0607  975.5816 1390.7412 1494.5462
            0.400000  0.000000  0.000000
  271.4527  702.0684  756.9864  951.4691 1399.1836 1508.1713
            0.383333  0.000000  0.000000
  252.9901  676.6071  768.2462  925.8119 1407.3135 1520.9742
            0.366667  0.000000  0.000000
  234.6678  650.6918  778.8266  898.4275 1415.1272 1533.1833
            0.350000  0.000000  0.000000
  216.5578  624.3497  788.7229  869.2835 1422.8440 1544.8709
            0.333333  0.000000  0.000000
  198.7327  597.6072  797.9373  838.5099 1430.7534 1555.9018
            0.316667  0.000000  0.000000
  181.2666  570.4874  806.3525  806.4793 1439.0584 1565.9622
            0.300000  0.000000  0.000000
  164.2361  543.0055  773.0792  814.3644 1447.7831 1574.6637
            0.283333  0.000000  0.000000
  147.7214  515.1673  738.8761  821.6137 1456.7776 1581.6905
            0.266667  0.000000  0.000000
  131.8060  486.9699  703.7773  828.2532 1465.8038 1586.9343
            0.250000  0.000000  0.000000
  116.5747  458.4070  667.6631  834.3122 1474.6508 1590.5658
            0.233333  0.000000  0.000000
  102.1111  429.4758  630.3235  839.8227 1483.2242 1593.0076
            0.216667  0.000000  0.000000
   88.4932  400.1835  591.5562  844.8171 1491.5694 1594.8057
            0.200000  0.000000  0.000000
   75.7893  370.5512  551.2596  849.3269 1499.8159 1596.4336
            0.183333  0.000000  0.000000
   64.0538  340.6142  509.4850  853.3814 1508.0672 1598.0937
            0.166667  0.000000  0.000000
   53.3251  310.4184  466.4353  857.0065 1516.2825 1599.5918
            0.150000  0.000000  0.000000
   43.6248  280.0129  422.4084  860.2241 1524.2080 1600.3420
            0.133333  0.000000  0.000000
   34.9596  249.4412  377.7062  863.0527 1531.3957 1599.5196
            0.116667  0.000000  0.000000
   27.3245  218.7329  332.5396  865.5077 1537.3142 1596.3252
            0.100000  0.000000  0.000000
   20.7062  187.8984  286.9693  867.6023 1541.5132 1590.2857
            0.083333  0.000000  0.000000
   15.0860  156.9314  240.9096  869.3484 1543.7868 1581.5056
            0.066667  0.000000  0.000000
   10.4388  125.8177  194.1966  870.7574 1544.2741 1570.7851
            0.050000  0.000000  0.000000
    6.7257   94.5484  146.6910  871.8398 1543.4595 1559.5574
            0.033333  0.000000  0.000000
    3.8728   63.1315   98.3703  872.6050 1542.0611 1549.6328
            0.016667  0.000000  0.000000
    1.7270   31.5980   49.3758  873.0607 1540.8355 1542.7956
            0.000000  0.000000  0.000000
    0.0000    0.0000    0.0000  873.2121 1540.3560 1540.3560
